0.000000 0.125333 0.248690 0.368125 0.481754 0.587785 0.684547 0.770513 0.844328 0.904827 0.951057 0.982287 0.998027 0.998027 0.982287 0.951057 0.904827 0.844328 0.770513 0.684547 0.587785 0.481754 0.368125 0.248690 0.125333 0.000000 -0.125333 -0.248690 -0.368125 -0.481754 -0.587785 -0.684547 -0.770513 -0.844328 -0.904827 -0.951057 -0.982287 -0.998027 -0.998027 -0.982287 -0.951057 -0.904827 -0.844328 -0.770513 -0.684547 -0.587785 -0.481754 -0.368125 -0.248690 -0.125333 -0.000000 
0.125333 0.248726 0.368192 0.481847 0.587899 0.684677 0.770654 0.844475 0.904976 0.951203 0.982427 0.998157 0.998143 0.982387 0.951137 0.904886 0.844364 0.770525 0.684533 0.587745 0.481688 0.368033 0.248574 0.125194 -0.000160 -0.125513 -0.248886 -0.368335 -0.481976 -0.588016 -0.684783 -0.770751 -0.844565 -0.905059 -0.951282 -0.982503 -0.998230 -0.998215 -0.982459 -0.951210 -0.904961 -0.844442 -0.770608 -0.684622 -0.587842 -0.481794 -0.368150 -0.248703 -0.125338 -0.000000 0.125333 
0.248690 0.368192 0.481878 0.587956 0.684756 0.770749 0.844582 0.905091 0.951321 0.982545 0.998270 0.998249 0.982482 0.951218 0.904951 0.844410 0.770551 0.684539 0.587729 0.481649 0.367972 0.248491 0.125090 -0.000284 -0.125655 -0.249046 -0.368509 -0.482162 -0.588212 -0.684986 -0.770959 -0.844774 -0.905268 -0.951487 -0.982701 -0.998419 -0.998393 -0.982624 -0.951360 -0.905096 -0.844560 -0.770707 -0.684704 -0.587906 -0.481841 -0.368182 -0.248722 -0.125346 -0.000000 0.125338 0.248690 
0.368125 0.481847 0.587956 0.684782 0.770797 0.844647 0.905169 0.951408 0.982636 0.998362 0.998339 0.982566 0.951294 0.905015 0.844461 0.770587 0.684557 0.587730 0.481631 0.367935 0.248434 0.125015 -0.000378 -0.125767 -0.249173 -0.368651 -0.482317 -0.588377 -0.685160 -0.771139 -0.844958 -0.905453 -0.951670 -0.982881 -0.998593 -0.998559 -0.982780 -0.951504 -0.905226 -0.844676 -0.770808 -0.684788 -0.587974 -0.481894 -0.368219 -0.248745 -0.125356 -0.000000 0.125346 0.248703 0.368125 
0.481754 0.587899 0.684756 0.770797 0.844669 0.905208 0.951461 0.982699 0.998431 0.998409 0.982636 0.951359 0.905075 0.844512 0.770626 0.684584 0.587742 0.481628 0.367916 0.248399 0.124962 -0.000447 -0.125852 -0.249273 -0.368765 -0.482443 -0.588515 -0.685306 -0.771293 -0.845117 -0.905615 -0.951833 -0.983042 -0.998751 -0.998711 -0.982925 -0.951640 -0.905350 -0.844788 -0.770906 -0.684873 -0.588044 -0.481948 -0.368259 -0.248771 -0.125369 -0.000000 0.125356 0.248722 0.368150 0.481754 
0.587785 0.684677 0.770749 0.844647 0.905208 0.951479 0.982730 0.998472 0.998458 0.982687 0.951412 0.905125 0.844557 0.770664 0.684613 0.587760 0.481634 0.367909 0.248378 0.124928 -0.000496 -0.125914 -0.249349 -0.368854 -0.482544 -0.588626 -0.685428 -0.771422 -0.845252 -0.905754 -0.951975 -0.983184 -0.998891 -0.998848 -0.983056 -0.951764 -0.905467 -0.844893 -0.771001 -0.684955 -0.588113 -0.482003 -0.368300 -0.248798 -0.125382 -0.000000 0.125369 0.248745 0.368182 0.481794 0.587785 
0.684547 0.770654 0.844582 0.905169 0.951461 0.982730 0.998486 0.998482 0.982719 0.951448 0.905162 0.844594 0.770698 0.684641 0.587781 0.481646 0.367911 0.248369 0.124907 -0.000529 -0.125959 -0.249406 -0.368923 -0.482624 -0.588716 -0.685527 -0.771529 -0.845365 -0.905873 -0.952096 -0.983308 -0.999015 -0.998970 -0.983175 -0.951878 -0.905573 -0.844992 -0.771090 -0.685033 -0.588179 -0.482057 -0.368341 -0.248825 -0.125395 -0.000000 0.125382 0.248771 0.368219 0.481841 0.587842 0.684547 
0.770513 0.844475 0.905091 0.951408 0.982699 0.998472 0.998482 0.982730 0.951467 0.905186 0.844619 0.770723 0.684664 0.587800 0.481660 0.367918 0.248368 0.124896 -0.000549 -0.125990 -0.249448 -0.368975 -0.482686 -0.588787 -0.685606 -0.771616 -0.845459 -0.905972 -0.952200 -0.983414 -0.999122 -0.999077 -0.983280 -0.951979 -0.905669 -0.845082 -0.771172 -0.685106 -0.588242 -0.482108 -0.368380 -0.248851 -0.125409 -0.000000 0.125395 0.248797 0.368259 0.481893 0.587906 0.684622 0.770513 
0.844328 0.904976 0.951321 0.982636 0.998431 0.998458 0.982719 0.951467 0.905194 0.844633 0.770740 0.684681 0.587816 0.481673 0.367926 0.248370 0.124892 -0.000562 -0.126011 -0.249477 -0.369012 -0.482732 -0.588842 -0.685670 -0.771686 -0.845536 -0.906055 -0.952287 -0.983504 -0.999215 -0.999170 -0.983372 -0.952069 -0.905755 -0.845163 -0.771246 -0.685173 -0.588300 -0.482156 -0.368417 -0.248877 -0.125422 -0.000000 0.125409 0.248825 0.368300 0.481948 0.587974 0.684704 0.770608 0.844328 
0.904827 0.951203 0.982545 0.998362 0.998409 0.982687 0.951448 0.905186 0.844633 0.770745 0.684690 0.587826 0.481683 0.367934 0.248374 0.124891 -0.000568 -0.126023 -0.249496 -0.369039 -0.482767 -0.588884 -0.685719 -0.771742 -0.845598 -0.906122 -0.952359 -0.983580 -0.999293 -0.999249 -0.983451 -0.952147 -0.905831 -0.845235 -0.771313 -0.685233 -0.588353 -0.482201 -0.368452 -0.248901 -0.125434 -0.000000 0.125422 0.248851 0.368341 0.482003 0.588044 0.684788 0.770707 0.844442 0.904827 
0.951057 0.982427 0.998270 0.998339 0.982636 0.951412 0.905162 0.844619 0.770740 0.684690 0.587830 0.481688 0.367939 0.248378 0.124892 -0.000570 -0.126031 -0.249509 -0.369058 -0.482791 -0.588915 -0.685756 -0.771785 -0.845647 -0.906176 -0.952418 -0.983642 -0.999358 -0.999316 -0.983519 -0.952214 -0.905897 -0.845298 -0.771372 -0.685287 -0.588401 -0.482241 -0.368483 -0.248923 -0.125445 -0.000000 0.125434 0.248877 0.368380 0.482057 0.588113 0.684873 0.770808 0.844560 0.904961 0.951057 
0.982287 0.998157 0.998249 0.982566 0.951359 0.905125 0.844594 0.770723 0.684681 0.587826 0.481688 0.367941 0.248380 0.124893 -0.000571 -0.126035 -0.249517 -0.369070 -0.482809 -0.588938 -0.685784 -0.771819 -0.845685 -0.906219 -0.952465 -0.983693 -0.999411 -0.999372 -0.983576 -0.952272 -0.905954 -0.845352 -0.771424 -0.685335 -0.588443 -0.482277 -0.368512 -0.248943 -0.125456 -0.000000 0.125445 0.248901 0.368417 0.482108 0.588179 0.684955 0.770906 0.844676 0.905096 0.951210 0.982287 
0.998027 0.998143 0.982482 0.951294 0.905075 0.844557 0.770698 0.684664 0.587816 0.481683 0.367939 0.248380 0.124894 -0.000571 -0.126036 -0.249521 -0.369078 -0.482820 -0.588953 -0.685804 -0.771843 -0.845714 -0.906252 -0.952502 -0.983734 -0.999455 -0.999418 -0.983623 -0.952320 -0.906001 -0.845399 -0.771469 -0.685376 -0.588480 -0.482309 -0.368537 -0.248961 -0.125466 -0.000000 0.125456 0.248923 0.368452 0.482156 0.588242 0.685033 0.771001 0.844787 0.905226 0.951360 0.982459 0.998027 
0.998027 0.982387 0.951218 0.905015 0.844512 0.770664 0.684641 0.587800 0.481673 0.367934 0.248378 0.124893 -0.000571 -0.126037 -0.249523 -0.369082 -0.482827 -0.588963 -0.685817 -0.771860 -0.845736 -0.906277 -0.952530 -0.983766 -0.999490 -0.999455 -0.983662 -0.952359 -0.906041 -0.845439 -0.771507 -0.685412 -0.588512 -0.482337 -0.368560 -0.248977 -0.125474 -0.000000 0.125465 0.248943 0.368483 0.482201 0.588300 0.685106 0.771090 0.844893 0.905350 0.951504 0.982624 0.998215 0.998027 
0.982287 0.951137 0.904951 0.844461 0.770626 0.684613 0.587781 0.481660 0.367926 0.248374 0.124892 -0.000571 -0.126036 -0.249523 -0.369083 -0.482830 -0.588969 -0.685826 -0.771872 -0.845750 -0.906295 -0.952552 -0.983790 -0.999517 -0.999484 -0.983693 -0.952392 -0.906074 -0.845471 -0.771538 -0.685442 -0.588540 -0.482361 -0.368579 -0.248991 -0.125482 -0.000000 0.125474 0.248961 0.368512 0.482241 0.588353 0.685172 0.771172 0.844992 0.905466 0.951640 0.982780 0.998393 0.998230 0.982287 
0.951057 0.904886 0.844410 0.770587 0.684584 0.587760 0.481646 0.367918 0.248370 0.124891 -0.000570 -0.126035 -0.249521 -0.369082 -0.482830 -0.588971 -0.685830 -0.771879 -0.845760 -0.906308 -0.952567 -0.983808 -0.999537 -0.999507 -0.983717 -0.952418 -0.906101 -0.845498 -0.771565 -0.685467 -0.588563 -0.482381 -0.368596 -0.249003 -0.125488 -0.000000 0.125481 0.248977 0.368537 0.482277 0.588400 0.685233 0.771246 0.845082 0.905573 0.951764 0.982924 0.998559 0.998419 0.982503 0.951057 
0.904827 0.844364 0.770551 0.684557 0.587742 0.481634 0.367911 0.248368 0.124892 -0.000568 -0.126031 -0.249517 -0.369078 -0.482827 -0.588969 -0.685830 -0.771881 -0.845764 -0.906315 -0.952576 -0.983820 -0.999552 -0.999524 -0.983736 -0.952438 -0.906122 -0.845520 -0.771586 -0.685488 -0.588582 -0.482398 -0.368610 -0.249013 -0.125494 -0.000000 0.125488 0.248991 0.368560 0.482309 0.588443 0.685287 0.771313 0.845162 0.905669 0.951878 0.983056 0.998711 0.998593 0.982701 0.951282 0.904827 
0.844328 0.770525 0.684539 0.587730 0.481628 0.367909 0.248369 0.124896 -0.000562 -0.126023 -0.249509 -0.369070 -0.482820 -0.588963 -0.685826 -0.771879 -0.845764 -0.906317 -0.952581 -0.983827 -0.999561 -0.999535 -0.983749 -0.952452 -0.906138 -0.845536 -0.771603 -0.685504 -0.588598 -0.482412 -0.368622 -0.249022 -0.125498 -0.000000 0.125493 0.249003 0.368579 0.482336 0.588480 0.685335 0.771372 0.845234 0.905755 0.951979 0.983175 0.998848 0.998751 0.982881 0.951487 0.905059 0.844328 
0.770513 0.684533 0.587729 0.481631 0.367916 0.248378 0.124907 -0.000549 -0.126011 -0.249496 -0.369058 -0.482809 -0.588953 -0.685817 -0.771872 -0.845760 -0.906315 -0.952581 -0.983829 -0.999565 -0.999542 -0.983758 -0.952463 -0.906150 -0.845549 -0.771616 -0.685517 -0.588610 -0.482423 -0.368631 -0.249029 -0.125502 -0.000000 0.125498 0.249013 0.368596 0.482360 0.588512 0.685376 0.771424 0.845298 0.905831 0.952069 0.983280 0.998970 0.998891 0.983042 0.951670 0.905268 0.844565 0.770513 
0.684547 0.587745 0.481649 0.367935 0.248399 0.124928 -0.000529 -0.125990 -0.249477 -0.369039 -0.482791 -0.588938 -0.685804 -0.771860 -0.845750 -0.906308 -0.952576 -0.983827 -0.999565 -0.999544 -0.983762 -0.952469 -0.906157 -0.845557 -0.771625 -0.685527 -0.588620 -0.482432 -0.368639 -0.249034 -0.125505 -0.000000 0.125502 0.249021 0.368610 0.482381 0.588540 0.685412 0.771468 0.845352 0.905897 0.952147 0.983371 0.999077 0.999015 0.983184 0.951833 0.905453 0.844774 0.770751 0.684547 
0.587785 0.481688 0.367972 0.248434 0.124962 -0.000496 -0.125959 -0.249448 -0.369012 -0.482767 -0.588915 -0.685784 -0.771843 -0.845736 -0.906295 -0.952567 -0.983820 -0.999561 -0.999542 -0.983762 -0.952471 -0.906161 -0.845562 -0.771631 -0.685534 -0.588627 -0.482439 -0.368645 -0.249039 -0.125508 -0.000000 0.125505 0.249028 0.368621 0.482398 0.588563 0.685442 0.771506 0.845399 0.905953 0.952214 0.983451 0.999170 0.999122 0.983308 0.951974 0.905615 0.844958 0.770959 0.684783 0.587785 
0.481754 0.368033 0.248491 0.125015 -0.000447 -0.125914 -0.249406 -0.368975 -0.482732 -0.588884 -0.685756 -0.771819 -0.845714 -0.906277 -0.952552 -0.983808 -0.999552 -0.999535 -0.983758 -0.952469 -0.906161 -0.845564 -0.771634 -0.685537 -0.588631 -0.482443 -0.368649 -0.249042 -0.125510 -0.000000 0.125508 0.249034 0.368631 0.482412 0.588582 0.685467 0.771538 0.845438 0.906001 0.952271 0.983519 0.999249 0.999214 0.983414 0.952096 0.905754 0.845117 0.771139 0.684986 0.588016 0.481754 
0.368125 0.248574 0.125090 -0.000378 -0.125852 -0.249349 -0.368923 -0.482686 -0.588842 -0.685719 -0.771785 -0.845685 -0.906252 -0.952530 -0.983790 -0.999537 -0.999524 -0.983749 -0.952463 -0.906157 -0.845562 -0.771634 -0.685539 -0.588633 -0.482446 -0.368651 -0.249045 -0.125511 -0.000000 0.125510 0.249039 0.368638 0.482423 0.588597 0.685487 0.771565 0.845471 0.906041 0.952320 0.983576 0.999316 0.999292 0.983504 0.952200 0.905873 0.845252 0.771292 0.685160 0.588212 0.481976 0.368125 
0.248690 0.125194 -0.000284 -0.125767 -0.249273 -0.368854 -0.482624 -0.588787 -0.685670 -0.771742 -0.845647 -0.906219 -0.952502 -0.983766 -0.999517 -0.999507 -0.983736 -0.952452 -0.906150 -0.845557 -0.771631 -0.685537 -0.588633 -0.482447 -0.368653 -0.249046 -0.125512 -0.000000 0.125511 0.249042 0.368644 0.482432 0.588610 0.685504 0.771586 0.845498 0.906074 0.952359 0.983623 0.999372 0.999358 0.983580 0.952287 0.905972 0.845365 0.771421 0.685306 0.588377 0.482162 0.368335 0.248690 
0.125333 -0.000160 -0.125655 -0.249173 -0.368765 -0.482544 -0.588716 -0.685606 -0.771686 -0.845598 -0.906176 -0.952465 -0.983734 -0.999490 -0.999484 -0.983717 -0.952438 -0.906138 -0.845549 -0.771625 -0.685534 -0.588631 -0.482446 -0.368653 -0.249046 -0.125513 -0.000000 0.125512 0.249044 0.368648 0.482438 0.588619 0.685517 0.771603 0.845519 0.906101 0.952392 0.983662 0.999418 0.999411 0.983642 0.952359 0.906055 0.845459 0.771528 0.685428 0.588514 0.482317 0.368509 0.248886 0.125333 
0.000000 -0.125513 -0.249046 -0.368651 -0.482443 -0.588626 -0.685527 -0.771616 -0.845536 -0.906122 -0.952418 -0.983693 -0.999455 -0.999455 -0.983693 -0.952418 -0.906122 -0.845536 -0.771616 -0.685527 -0.588627 -0.482443 -0.368651 -0.249046 -0.125513 -0.000000 0.125512 0.249046 0.368651 0.482443 0.588626 0.685527 0.771616 0.845536 0.906122 0.952417 0.983693 0.999455 0.999455 0.983693 0.952417 0.906122 0.845536 0.771616 0.685527 0.588626 0.482443 0.368651 0.249046 0.125513 0.000000 
-0.125333 -0.248886 -0.368509 -0.482317 -0.588515 -0.685428 -0.771529 -0.845459 -0.906055 -0.952359 -0.983642 -0.999411 -0.999418 -0.983662 -0.952392 -0.906101 -0.845520 -0.771603 -0.685517 -0.588620 -0.482439 -0.368649 -0.249045 -0.125512 -0.000000 0.125512 0.249046 0.368653 0.482446 0.588631 0.685533 0.771625 0.845549 0.906138 0.952437 0.983717 0.999484 0.999490 0.983734 0.952465 0.906176 0.845598 0.771686 0.685606 0.588716 0.482544 0.368765 0.249173 0.125655 0.000160 -0.125333 
-0.248690 -0.368335 -0.482162 -0.588377 -0.685306 -0.771422 -0.845365 -0.905972 -0.952287 -0.983580 -0.999358 -0.999372 -0.983623 -0.952359 -0.906074 -0.845498 -0.771586 -0.685504 -0.588610 -0.482432 -0.368645 -0.249042 -0.125511 -0.000000 0.125512 0.249046 0.368653 0.482447 0.588633 0.685537 0.771631 0.845557 0.906149 0.952452 0.983736 0.999507 0.999517 0.983765 0.952502 0.906219 0.845647 0.771742 0.685669 0.588787 0.482624 0.368854 0.249273 0.125767 0.000284 -0.125195 -0.248690 
-0.368125 -0.481976 -0.588212 -0.685160 -0.771293 -0.845252 -0.905873 -0.952200 -0.983504 -0.999293 -0.999316 -0.983576 -0.952320 -0.906041 -0.845471 -0.771565 -0.685488 -0.588598 -0.482423 -0.368639 -0.249039 -0.125510 -0.000000 0.125511 0.249044 0.368651 0.482446 0.588633 0.685539 0.771634 0.845562 0.906157 0.952462 0.983749 0.999523 0.999537 0.983790 0.952530 0.906252 0.845685 0.771785 0.685718 0.588842 0.482686 0.368923 0.249349 0.125852 0.000378 -0.125090 -0.248574 -0.368125 
-0.481754 -0.588016 -0.684986 -0.771139 -0.845117 -0.905754 -0.952096 -0.983414 -0.999215 -0.999249 -0.983519 -0.952272 -0.906001 -0.845439 -0.771538 -0.685467 -0.588582 -0.482412 -0.368631 -0.249034 -0.125508 -0.000000 0.125510 0.249042 0.368648 0.482443 0.588631 0.685537 0.771634 0.845564 0.906160 0.952468 0.983758 0.999535 0.999551 0.983807 0.952552 0.906277 0.845714 0.771818 0.685756 0.588884 0.482732 0.368974 0.249406 0.125914 0.000447 -0.125015 -0.248491 -0.368033 -0.481754 
-0.587785 -0.684783 -0.770959 -0.844958 -0.905615 -0.951975 -0.983308 -0.999122 -0.999170 -0.983451 -0.952214 -0.905954 -0.845399 -0.771507 -0.685442 -0.588563 -0.482398 -0.368622 -0.249029 -0.125505 -0.000000 0.125508 0.249039 0.368644 0.482438 0.588626 0.685533 0.771631 0.845562 0.906160 0.952470 0.983762 0.999541 0.999561 0.983820 0.952567 0.906295 0.845735 0.771843 0.685783 0.588915 0.482767 0.369012 0.249448 0.125959 0.000496 -0.124962 -0.248435 -0.367972 -0.481688 -0.587785 
-0.684547 -0.770751 -0.844774 -0.905453 -0.951833 -0.983184 -0.999015 -0.999077 -0.983372 -0.952147 -0.905897 -0.845352 -0.771469 -0.685412 -0.588540 -0.482381 -0.368610 -0.249022 -0.125502 -0.000000 0.125505 0.249034 0.368638 0.482432 0.588619 0.685527 0.771625 0.845557 0.906157 0.952468 0.983762 0.999544 0.999565 0.983827 0.952576 0.906307 0.845750 0.771860 0.685803 0.588938 0.482791 0.369039 0.249477 0.125990 0.000529 -0.124928 -0.248399 -0.367935 -0.481649 -0.587745 -0.684547 
-0.770513 -0.844565 -0.905268 -0.951670 -0.983042 -0.998891 -0.998970 -0.983280 -0.952069 -0.905831 -0.845298 -0.771424 -0.685376 -0.588512 -0.482361 -0.368596 -0.249013 -0.125498 -0.000000 0.125502 0.249028 0.368631 0.482423 0.588610 0.685517 0.771616 0.845549 0.906149 0.952462 0.983758 0.999541 0.999565 0.983829 0.952581 0.906314 0.845760 0.771872 0.685817 0.588953 0.482808 0.369058 0.249496 0.126011 0.000549 -0.124907 -0.248378 -0.367916 -0.481631 -0.587729 -0.684533 -0.770513 
-0.844328 -0.905059 -0.951487 -0.982881 -0.998751 -0.998848 -0.983175 -0.951979 -0.905755 -0.845235 -0.771372 -0.685335 -0.588480 -0.482337 -0.368579 -0.249003 -0.125494 -0.000000 0.125498 0.249021 0.368621 0.482412 0.588597 0.685504 0.771603 0.845536 0.906138 0.952452 0.983749 0.999535 0.999561 0.983827 0.952581 0.906317 0.845764 0.771879 0.685826 0.588963 0.482820 0.369070 0.249509 0.126023 0.000561 -0.124896 -0.248369 -0.367909 -0.481628 -0.587730 -0.684539 -0.770525 -0.844328 
-0.904827 -0.951282 -0.982701 -0.998593 -0.998711 -0.983056 -0.951878 -0.905669 -0.845163 -0.771313 -0.685287 -0.588443 -0.482309 -0.368560 -0.248991 -0.125488 -0.000000 0.125493 0.249013 0.368610 0.482398 0.588582 0.685487 0.771586 0.845519 0.906122 0.952437 0.983736 0.999523 0.999551 0.983820 0.952576 0.906314 0.845764 0.771881 0.685830 0.588969 0.482827 0.369078 0.249517 0.126031 0.000568 -0.124892 -0.248368 -0.367911 -0.481634 -0.587742 -0.684557 -0.770551 -0.844364 -0.904827 
-0.951057 -0.982503 -0.998419 -0.998559 -0.982925 -0.951764 -0.905573 -0.845082 -0.771246 -0.685233 -0.588401 -0.482277 -0.368537 -0.248977 -0.125482 -0.000000 0.125488 0.249003 0.368596 0.482381 0.588563 0.685467 0.771565 0.845498 0.906101 0.952417 0.983717 0.999507 0.999537 0.983807 0.952567 0.906307 0.845760 0.771879 0.685830 0.588971 0.482830 0.369082 0.249521 0.126034 0.000570 -0.124891 -0.248370 -0.367918 -0.481646 -0.587760 -0.684584 -0.770587 -0.844410 -0.904886 -0.951057 
-0.982287 -0.998230 -0.998393 -0.982780 -0.951640 -0.905467 -0.844992 -0.771172 -0.685173 -0.588353 -0.482241 -0.368512 -0.248961 -0.125474 -0.000000 0.125481 0.248991 0.368579 0.482360 0.588540 0.685442 0.771538 0.845471 0.906074 0.952392 0.983693 0.999484 0.999517 0.983790 0.952552 0.906295 0.845750 0.771872 0.685826 0.588969 0.482830 0.369083 0.249523 0.126036 0.000571 -0.124892 -0.248374 -0.367926 -0.481660 -0.587781 -0.684613 -0.770626 -0.844461 -0.904951 -0.951137 -0.982287 
-0.998027 -0.998215 -0.982624 -0.951504 -0.905350 -0.844893 -0.771090 -0.685106 -0.588300 -0.482201 -0.368483 -0.248943 -0.125466 -0.000000 0.125474 0.248977 0.368560 0.482336 0.588512 0.685412 0.771506 0.845438 0.906041 0.952359 0.983662 0.999455 0.999490 0.983765 0.952530 0.906277 0.845735 0.771860 0.685817 0.588963 0.482827 0.369082 0.249523 0.126037 0.000571 -0.124894 -0.248378 -0.367934 -0.481673 -0.587801 -0.684641 -0.770664 -0.844512 -0.905015 -0.951218 -0.982387 -0.998027 
-0.998027 -0.982459 -0.951360 -0.905226 -0.844788 -0.771001 -0.685033 -0.588242 -0.482156 -0.368452 -0.248923 -0.125456 -0.000000 0.125465 0.248961 0.368537 0.482309 0.588480 0.685376 0.771468 0.845399 0.906001 0.952320 0.983623 0.999418 0.999455 0.983734 0.952502 0.906252 0.845714 0.771843 0.685803 0.588953 0.482820 0.369078 0.249521 0.126036 0.000571 -0.124894 -0.248380 -0.367939 -0.481683 -0.587816 -0.684665 -0.770698 -0.844557 -0.905075 -0.951294 -0.982482 -0.998143 -0.998027 
-0.982287 -0.951210 -0.905096 -0.844676 -0.770906 -0.684955 -0.588179 -0.482108 -0.368417 -0.248901 -0.125445 -0.000000 0.125456 0.248943 0.368512 0.482277 0.588443 0.685335 0.771424 0.845352 0.905953 0.952271 0.983576 0.999372 0.999411 0.983693 0.952465 0.906219 0.845685 0.771818 0.685783 0.588938 0.482808 0.369070 0.249517 0.126034 0.000571 -0.124894 -0.248380 -0.367941 -0.481688 -0.587827 -0.684682 -0.770724 -0.844594 -0.905125 -0.951359 -0.982566 -0.998249 -0.998157 -0.982287 
-0.951057 -0.904961 -0.844560 -0.770808 -0.684873 -0.588113 -0.482057 -0.368380 -0.248877 -0.125434 -0.000000 0.125445 0.248923 0.368483 0.482241 0.588400 0.685287 0.771372 0.845298 0.905897 0.952214 0.983519 0.999316 0.999358 0.983642 0.952417 0.906176 0.845647 0.771785 0.685756 0.588915 0.482791 0.369058 0.249509 0.126031 0.000570 -0.124892 -0.248378 -0.367939 -0.481688 -0.587830 -0.684690 -0.770740 -0.844619 -0.905162 -0.951412 -0.982636 -0.998339 -0.998270 -0.982427 -0.951057 
-0.904827 -0.844442 -0.770707 -0.684788 -0.588044 -0.482003 -0.368341 -0.248851 -0.125422 -0.000000 0.125434 0.248901 0.368452 0.482201 0.588353 0.685233 0.771313 0.845234 0.905831 0.952147 0.983451 0.999249 0.999292 0.983580 0.952359 0.906122 0.845598 0.771742 0.685718 0.588884 0.482767 0.369039 0.249496 0.126023 0.000568 -0.124891 -0.248374 -0.367934 -0.481683 -0.587827 -0.684690 -0.770745 -0.844633 -0.905186 -0.951448 -0.982687 -0.998409 -0.998362 -0.982545 -0.951203 -0.904827 
-0.844328 -0.770608 -0.684704 -0.587974 -0.481948 -0.368300 -0.248825 -0.125409 -0.000000 0.125422 0.248877 0.368417 0.482156 0.588300 0.685172 0.771246 0.845162 0.905755 0.952069 0.983371 0.999170 0.999214 0.983504 0.952287 0.906055 0.845536 0.771686 0.685669 0.588842 0.482732 0.369012 0.249477 0.126011 0.000561 -0.124892 -0.248370 -0.367926 -0.481673 -0.587816 -0.684682 -0.770740 -0.844633 -0.905194 -0.951467 -0.982719 -0.998458 -0.998431 -0.982636 -0.951321 -0.904976 -0.844328 
-0.770513 -0.684622 -0.587906 -0.481894 -0.368259 -0.248798 -0.125395 -0.000000 0.125409 0.248851 0.368380 0.482108 0.588242 0.685106 0.771172 0.845082 0.905669 0.951979 0.983280 0.999077 0.999122 0.983414 0.952200 0.905972 0.845459 0.771616 0.685606 0.588787 0.482686 0.368974 0.249448 0.125990 0.000549 -0.124896 -0.248368 -0.367918 -0.481660 -0.587801 -0.684665 -0.770724 -0.844619 -0.905186 -0.951467 -0.982730 -0.998482 -0.998472 -0.982699 -0.951408 -0.905091 -0.844475 -0.770513 
-0.684547 -0.587842 -0.481841 -0.368219 -0.248771 -0.125382 -0.000000 0.125395 0.248825 0.368341 0.482057 0.588179 0.685033 0.771090 0.844992 0.905573 0.951878 0.983175 0.998970 0.999015 0.983308 0.952096 0.905873 0.845365 0.771528 0.685527 0.588716 0.482624 0.368923 0.249406 0.125959 0.000529 -0.124907 -0.248369 -0.367911 -0.481646 -0.587781 -0.684641 -0.770698 -0.844594 -0.905162 -0.951448 -0.982719 -0.998482 -0.998486 -0.982730 -0.951461 -0.905169 -0.844582 -0.770654 -0.684547 
-0.587785 -0.481794 -0.368182 -0.248745 -0.125369 -0.000000 0.125382 0.248797 0.368300 0.482003 0.588113 0.684955 0.771001 0.844893 0.905466 0.951764 0.983056 0.998848 0.998891 0.983184 0.951974 0.905754 0.845252 0.771421 0.685428 0.588626 0.482544 0.368854 0.249349 0.125914 0.000496 -0.124928 -0.248378 -0.367909 -0.481634 -0.587760 -0.684613 -0.770664 -0.844557 -0.905125 -0.951412 -0.982687 -0.998458 -0.998472 -0.982730 -0.951479 -0.905208 -0.844647 -0.770749 -0.684677 -0.587785 
-0.481754 -0.368150 -0.248722 -0.125356 -0.000000 0.125369 0.248771 0.368259 0.481948 0.588044 0.684873 0.770906 0.844787 0.905350 0.951640 0.982924 0.998711 0.998751 0.983042 0.951833 0.905615 0.845117 0.771292 0.685306 0.588514 0.482443 0.368765 0.249273 0.125852 0.000447 -0.124962 -0.248399 -0.367916 -0.481628 -0.587742 -0.684584 -0.770626 -0.844512 -0.905075 -0.951359 -0.982636 -0.998409 -0.998431 -0.982699 -0.951461 -0.905208 -0.844669 -0.770797 -0.684756 -0.587899 -0.481754 
-0.368125 -0.248703 -0.125346 -0.000000 0.125356 0.248745 0.368219 0.481893 0.587974 0.684788 0.770808 0.844676 0.905226 0.951504 0.982780 0.998559 0.998593 0.982881 0.951670 0.905453 0.844958 0.771139 0.685160 0.588377 0.482317 0.368651 0.249173 0.125767 0.000378 -0.125015 -0.248435 -0.367935 -0.481631 -0.587730 -0.684557 -0.770587 -0.844461 -0.905015 -0.951294 -0.982566 -0.998339 -0.998362 -0.982636 -0.951408 -0.905169 -0.844647 -0.770797 -0.684782 -0.587956 -0.481847 -0.368125 
-0.248690 -0.125338 -0.000000 0.125346 0.248722 0.368182 0.481841 0.587906 0.684704 0.770707 0.844560 0.905096 0.951360 0.982624 0.998393 0.998419 0.982701 0.951487 0.905268 0.844774 0.770959 0.684986 0.588212 0.482162 0.368509 0.249046 0.125655 0.000284 -0.125090 -0.248491 -0.367972 -0.481649 -0.587729 -0.684539 -0.770551 -0.844410 -0.904951 -0.951218 -0.982482 -0.998249 -0.998270 -0.982545 -0.951321 -0.905091 -0.844582 -0.770749 -0.684756 -0.587956 -0.481878 -0.368192 -0.248690 
-0.125333 -0.000000 0.125338 0.248703 0.368150 0.481794 0.587842 0.684622 0.770608 0.844442 0.904961 0.951210 0.982459 0.998215 0.998230 0.982503 0.951282 0.905059 0.844565 0.770751 0.684783 0.588016 0.481976 0.368335 0.248886 0.125513 0.000160 -0.125195 -0.248574 -0.368033 -0.481688 -0.587745 -0.684533 -0.770525 -0.844364 -0.904886 -0.951137 -0.982387 -0.998143 -0.998157 -0.982427 -0.951203 -0.904976 -0.844475 -0.770654 -0.684677 -0.587899 -0.481847 -0.368192 -0.248726 -0.125333 
-0.000000 0.125333 0.248690 0.368125 0.481754 0.587785 0.684547 0.770513 0.844328 0.904827 0.951057 0.982287 0.998027 0.998027 0.982287 0.951057 0.904827 0.844328 0.770513 0.684547 0.587785 0.481754 0.368125 0.248690 0.125333 0.000000 -0.125333 -0.248690 -0.368125 -0.481754 -0.587785 -0.684547 -0.770513 -0.844328 -0.904827 -0.951057 -0.982287 -0.998027 -0.998027 -0.982287 -0.951057 -0.904827 -0.844328 -0.770513 -0.684547 -0.587785 -0.481754 -0.368125 -0.248690 -0.125333 -0.000000 
